100 10000
65 68 12
54 84 57
35 69 4
35 40 38
25 54 15
25 15 31
23 90 51
15 20 66
0 65 75
47 25 49
49 66 19
75 59 97
5 37 55
17 49 63
7 33 99
45 6 23
50 74 61
90 57 89
29 92 78
74 98 74
66 12 83
64 51 12
59 47 36
4 85 71
87 52 0
36 43 85
4 31 91
99 60 24
72 46 20
44 19 98
21 86 45
18 23 16
76 18 2
5 3 13
1 21 98
0 62 29
69 98 7
94 21 5
57 16 70
54 26 95
24 2 49
95 80 93
96 4 55
74 88 39
34 96 95
51 24 3
18 50 16
33 42 47
36 13 27
99 90 76
50 83 44
30 86 68
96 44 73
83 16 83
98 92 12
0 96 65
37 84 43
23 10 79
28 21 74
97 84 25
28 4 60
43 91 19
1 37 17
74 52 88
40 5 97
3 25 82
49 13 32
53 12 96
19 42 82
51 70 15
17 13 24
56 30 70
27 14 32
86 13 84
82 86 69
14 72 39
89 1 98
26 42 16
43 30 77
44 71 20
7 70 80
80 97 93
29 28 19
54 76 79
61 99 79
53 8 97
13 22 5
94 88 76
2 25 16
71 30 60
59 66 6
40 98 41
67 12 46
51 36 50
25 88 83
16 29 92
71 10 78
53 81 17
39 90 74
16 59 6
97 37 47
99 67 43
70 71 24
56 34 56
37 96 53
98 17 55
48 93 7
7 40 84
34 6 65
12 23 79
47 33 19
14 92 18
8 24 64
86 92 29
21 48 26
29 31 77
51 92 90
94 0 20
91 34 65
86 52 59
68 73 1
63 12 17
87 66 85
9 36 76
19 25 67
62 8 21
52 4 85
97 39 72
66 30 62
29 39 24
33 69 85
77 8 57
36 14 45
32 66 72
22 91 11
38 41 89
36 32 87
96 74 0
23 2 70
73 89 24
31 36 85
28 55 86
1 12 46
21 96 36
42 45 71
46 62 68
33 54 31
39 94 7
20 83 17
37 20 30
16 75 19
99 40 51
79 7 75
48 94 16
28 32 75
73 32 5
41 0 8
63 48 9
76 32 60
0 40 48
4 72 92
19 90 59
33 96 17
81 27 77
47 98 51
27 22 81
30 18 79
69 6 52
31 26 65
91 57 13
57 12 88
99 12 57
64 74 53
43 68 56
68 27 65
91 83 12
46 70 27
9 45 51
40 97 7
55 2 44
85 44 17
25 63 51
85 5 8
86 13 31
69 51 37
40 52 53
70 16 26
19 91 92
99 56 24
22 77 12
88 0 54
46 52 36
54 65 68
86 21 3
60 17 77
61 60 11
72 90 21
50 79 3
78 55 64
10 28 44
65 15 15
7 38 77
48 12 26
32 0 13
14 84 83
19 82 4
74 17 19
33 57 99
70 50 46
37 52 1
71 87 82
30 53 87
17 70 23
74 15 16
46 42 66
50 54 14
93 26 35
8 4 79
25 50 41
38 65 11
1 84 92
9 94 61
87 42 36
16 79 72
99 63 33
8 87 32
94 32 68
4 91 39
57 33 98
72 71 20
35 20 12
20 58 14
11 81 91
41 14 86
8 52 18
22 2 44
98 48 54
18 53 44
86 64 49
17 49 0
98 45 23
88 7 68
91 73 18
64 61 56
62 14 83
64 52 7
17 13 11
44 53 36
71 26 27
89 37 33
23 76 54
59 73 7
59 1 41
63 16 49
44 49 86
62 41 51
32 16 93
58 29 84
93 51 97
51 45 39
53 74 69
0 24 10
31 23 0
91 13 19
56 18 72
64 52 17
57 62 4
60 99 59
48 63 48
20 3 83
15 33 13
86 17 45
52 14 67
3 66 2
3 65 32
49 88 49
38 25 45
60 92 72
96 93 41
10 17 45
45 41 98
62 97 13
0 26 89
68 60 53
85 75 42
8 66 24
9 76 16
87 9 88
18 96 30
1 31 21
74 24 74
30 95 68
90 24 64
60 74 99
51 28 65
22 70 55
97 98 40
28 99 73
26 33 76
80 20 57
76 65 53
47 69 65
35 22 66
47 21 10
66 48 40
13 37 79
73 57 4
76 90 36
93 27 31
38 53 63
66 12 35
41 12 11
26 87 19
75 57 94
48 41 99
78 61 13
86 53 38
84 85 97
57 90 43
80 88 11
82 98 91
49 58 95
64 50 10
73 28 56
0 86 25
10 16 58
54 74 33
36 32 38
49 9 97
31 28 8
25 86 41
67 83 89
10 17 2
65 28 55
82 62 51
26 66 56
3 49 23
54 52 66
37 54 18
40 96 64
46 79 78
86 54 31
21 81 33
97 8 29
49 64 32
95 40 23
36 78 39
11 9 97
96 1 38
75 12 86
14 35 57
67 76 67
42 86 12
85 0 34
98 69 40
43 10 86
18 62 89
65 91 39
1 67 2
71 80 43
99 80 28
74 33 8
92 93 31
31 47 74
43 82 95
25 56 5
67 88 31
19 81 91
6 39 50
91 46 65
19 26 48
48 54 69
89 72 28
10 32 70
61 47 53
79 83 57
15 93 8
27 13 87
33 90 74
21 36 26
69 80 82
63 82 24
36 6 39
35 90 53
78 72 49
36 45 45
57 99 51
14 59 12
35 7 84
46 8 33
91 2 96
98 29 5
38 0 86
37 0 77
82 31 6
80 51 93
70 58 57
68 78 2
19 31 99
25 85 67
83 36 78
3 48 34
70 2 42
45 97 95
78 8 10
34 56 89
89 82 45
66 13 95
23 47 79
49 48 73
22 9 47
71 14 83
4 77 25
9 87 67
12 62 63
41 89 69
50 70 54
10 9 87
33 76 95
15 62 81
40 94 54
20 56 71
97 46 61
25 42 62
15 1 3
22 57 4
91 46 34
23 64 43
75 86 40
23 17 25
81 27 97
46 1 45
68 90 83
50 33 7
39 78 82
43 60 33
55 5 23
97 95 93
83 56 85
18 9 64
89 63 41
32 12 88
80 50 2
38 67 74
92 30 20
0 22 17
25 70 75
4 58 24
43 19 6
69 11 17
57 64 67
53 17 57
1 62 17
91 14 97
42 21 51
64 32 87
36 94 65
38 33 87
23 72 6
97 58 61
65 72 95
92 69 79
17 59 39
75 11 98
61 59 43
66 62 22
8 38 17
66 0 22
32 23 44
35 96 98
2 52 21
65 75 79
53 9 20
87 95 27
41 88 52
42 34 81
80 0 99
27 95 53
61 55 75
69 89 97
91 67 94
23 98 44
73 93 21
29 82 17
78 80 32
30 39 2
40 62 3
54 48 11
82 29 55
32 11 62
17 74 66
8 61 99
9 63 87
98 20 19
22 35 72
60 23 29
83 9 66
92 90 76
65 64 54
83 31 59
48 45 98
94 5 72
87 64 12
42 31 86
42 12 62
0 40 40
53 20 44
78 98 88
80 22 81
41 47 47
61 26 19
6 65 83
55 88 7
81 22 6
79 30 82
84 10 88
11 97 46
52 95 11
6 42 97
13 96 95
91 99 88
58 26 62
15 36 44
40 44 3
92 70 45
36 92 67
23 59 82
39 86 94
43 66 55
41 66 82
73 36 56
81 89 80
18 23 75
64 47 71
63 12 82
30 46 42
53 27 56
90 30 76
61 62 65
19 50 8
83 65 34
14 90 90
46 58 7
53 97 65
31 24 41
74 10 44
76 51 71
59 90 34
74 36 95
9 31 98
12 74 5
78 97 14
13 96 69
84 70 27
66 8 84
40 96 44
52 38 5
97 33 47
1 17 2
36 63 59
12 30 18
57 4 94
59 15 49
21 6 67
41 40 74
1 33 26
55 21 28
7 45 57
23 11 91
10 97 66
37 78 70
67 94 96
89 1 19
70 74 45
8 59 88
42 43 2
93 44 82
28 3 20
5 51 23
34 87 2
65 11 86
22 91 79
19 91 39
77 45 89
83 2 47
18 98 94
36 80 52
85 76 30
22 46 98
79 22 8
69 21 48
68 22 73
21 63 49
12 78 82
43 34 96
17 81 26
70 9 34
37 64 53
2 31 54
51 52 59
93 77 41
13 66 86
55 94 16
76 92 97
49 0 27
29 4 29
63 37 7
76 5 83
24 46 23
51 6 47
5 67 36
45 74 67
81 61 93
53 10 45
7 0 36
96 36 8
48 60 18
4 34 55
70 93 50
56 80 98
18 51 32
95 48 57
89 82 1
28 61 85
13 67 40
8 55 77
52 68 41
7 60 6
26 63 39
89 34 77
7 65 67
9 89 68
21 15 8
3 18 98
19 51 3
6 61 14
77 21 57
88 33 55
67 87 77
43 89 12
50 13 11
93 2 70
25 54 19
83 24 67
21 48 80
91 83 35
22 49 45
88 34 75
57 2 67
28 42 89
76 44 34
74 8 84
89 7 25
74 81 69
17 5 53
51 66 99
5 0 64
2 12 32
77 84 85
72 98 14
59 72 22
63 42 17
37 72 22
52 83 45
75 72 88
48 17 38
74 93 10
20 5 78
88 5 14
32 95 53
64 12 58
87 50 44
22 18 47
21 29 94
51 87 38
55 76 61
20 84 71
37 71 27
71 32 6
20 15 37
15 33 19
88 90 46
49 6 2
99 41 24
95 17 8
30 39 70
38 84 76
72 68 25
40 47 79
54 63 66
9 46 89
10 16 18
59 46 73
33 18 56
34 41 94
89 53 96
25 55 14
37 26 98
72 62 16
42 44 84
40 90 33
15 6 70
81 66 60
26 55 78
67 58 94
39 37 75
65 37 91
71 12 78
5 1 35
47 82 13
33 49 21
62 10 12
83 12 87
52 64 53
67 57 72
42 39 66
37 94 8
83 58 86
11 42 55
74 41 42
2 71 22
20 78 4
41 55 45
86 52 91
32 47 59
38 33 16
8 6 0
96 69 87
9 95 53
71 44 78
80 73 11
61 30 22
15 74 9
37 48 56
29 41 69
84 90 97
77 66 6
7 19 51
10 36 80
80 40 57
47 45 70
42 50 79
32 49 67
0 21 54
30 17 27
75 79 37
62 75 63
2 64 52
32 18 67
14 97 97
70 65 45
31 19 80
57 92 33
50 84 53
59 11 63
51 92 10
43 61 57
91 58 10
4 80 70
76 12 40
12 92 62
86 31 9
9 31 50
12 1 8
80 86 6
97 66 17
16 33 52
50 30 56
18 8 24
45 73 29
45 1 37
87 50 28
2 14 33
51 41 0
90 63 52
99 25 14
44 76 91
10 78 58
38 76 85
21 92 15
50 35 92
24 87 17
11 10 25
78 73 19
69 60 51
50 84 8
90 25 93
13 77 40
95 78 46
26 64 10
23 86 87
64 54 14
32 22 80
15 34 15
84 10 31
57 13 73
11 72 36
99 8 97
1 87 68
33 60 74
28 7 14
27 23 1
49 60 51
33 75 89
80 18 58
28 36 67
94 7 68
28 70 24
15 95 90
61 23 6
37 33 54
21 44 57
27 8 99
29 55 19
11 60 21
24 8 41
55 78 68
87 77 16
21 49 52
41 97 31
85 96 18
43 74 94
51 99 70
12 10 47
24 99 15
53 58 56
13 37 48
75 13 21
19 32 65
28 25 61
45 28 78
97 71 46
13 54 28
41 80 96
39 5 58
75 96 43
22 39 28
17 68 20
11 46 7
57 65 43
34 3 58
97 22 93
71 10 60
72 79 38
22 46 21
59 62 83
86 20 6
20 26 68
58 50 95
44 60 73
27 20 32
80 94 86
59 72 74
84 68 72
5 82 27
27 82 73
77 23 41
21 58 91
4 61 19
31 35 13
95 2 73
28 7 79
5 93 82
17 28 46
22 33 64
80 25 79
39 95 84
0 30 85
9 88 96
12 93 34
7 35 63
23 66 58
84 31 28
10 38 82
56 87 90
77 16 48
44 83 77
95 8 8
40 51 80
8 48 91
70 13 72
2 78 20
21 71 81
3 37 44
77 72 61
50 68 86
14 87 90
74 83 27
76 91 95
21 7 75
21 56 69
17 95 19
87 14 22
55 77 66
99 40 58
28 91 47
92 87 80
77 37 87
34 11 46
27 39 53
26 90 50
84 92 93
83 77 23
96 48 40
47 38 56
92 17 85
27 22 63
73 34 98
61 97 43
27 24 76
91 9 90
34 75 86
32 29 89
0 33 13
95 52 38
69 49 33
34 59 50
57 80 72
58 67 91
10 7 47
3 21 44
52 36 7
29 56 8
99 80 79
42 95 6
23 29 20
35 90 82
52 30 16
32 4 57
93 55 11
26 11 69
16 41 42
75 83 12
41 93 88
35 24 66
18 16 44
61 18 14
29 74 32
49 17 90
83 37 86
87 16 60
93 86 35
2 88 71
86 7 79
86 58 66
34 10 56
84 66 94
21 50 6
87 35 83
53 89 88
13 85 10
55 94 81
99 17 54
9 52 27
8 87 8
43 98 32
95 27 96
46 63 9
40 45 11
33 80 84
90 59 73
10 30 7
16 25 77
41 43 65
73 76 56
7 8 46
76 27 87
30 87 81
15 90 11
72 53 70
70 77 95
41 15 90
50 97 48
60 61 61
99 86 16
25 0 78
6 79 25
37 44 52
70 55 14
11 51 44
34 91 63
8 32 9
78 99 4
7 28 21
66 98 16
25 55 12
58 93 21
0 59 79
8 7 14
56 8 61
95 92 7
29 20 1
96 91 40
58 1 71
30 60 23
34 79 61
55 42 73
37 92 75
63 15 27
16 21 16
65 19 58
68 50 41
39 90 45
62 48 82
8 81 45
69 32 76
70 55 30
35 17 57
58 42 14
29 69 26
94 70 40
82 68 10
25 18 14
97 49 35
77 88 10
25 27 49
95 19 13
11 71 82
49 16 1
11 6 85
62 30 60
24 27 43
42 62 3
39 33 40
3 36 37
72 23 27
66 9 66
99 36 9
29 11 73
51 15 74
93 32 61
77 5 22
49 30 39
87 22 6
4 36 41
93 51 77
93 13 99
39 80 90
67 75 27
2 32 82
51 72 31
58 95 44
43 28 4
28 63 8
43 36 8
75 47 74
51 70 30
74 91 95
32 58 45
90 99 88
76 62 46
90 39 24
86 31 78
32 96 12
74 56 99
58 68 52
0 15 70
32 86 45
34 21 79
94 60 14
12 33 8
78 70 44
68 66 23
45 52 73
46 15 18
68 37 59
46 56 61
15 46 67
41 15 83
46 62 69
3 41 30
45 94 10
54 55 70
14 41 24
20 21 13
61 27 36
39 10 47
70 95 98
9 78 27
11 62 36
53 62 44
48 67 28
94 83 98
30 85 8
51 58 60
53 76 56
29 13 40
26 41 77
4 61 56
92 43 1
76 90 73
89 87 79
80 79 20
70 88 83
75 81 94
51 82 60
88 30 94
50 26 72
46 21 51
85 58 85
54 40 68
91 25 92
49 32 2
38 97 13
67 62 36
85 4 61
81 49 51
44 79 88
10 74 35
85 51 81
98 83 12
47 67 2
73 57 63
54 94 83
40 48 18
23 51 69
88 12 49
11 66 93
17 34 65
1 84 55
1 13 43
94 55 64
6 92 88
21 25 84
68 43 17
58 83 5
47 0 15
20 5 24
43 77 73
74 94 28
53 85 53
5 18 32
82 3 41
1 32 47
69 55 43
22 9 86
57 28 27
62 82 52
73 41 63
3 32 2
58 20 50
86 8 86
78 32 47
60 75 64
0 29 18
54 32 14
19 27 16
26 69 34
83 99 79
28 74 70
77 62 42
50 87 62
24 53 32
3 17 67
2 20 42
48 80 23
42 39 60
98 78 27
2 99 1
49 79 40
9 3 31
8 35 97
80 53 77
74 80 1
12 97 18
89 90 86
14 78 22
25 2 30
59 43 54
83 39 39
40 88 59
64 97 67
73 11 88
82 84 87
23 1 65
96 59 38
94 24 55
63 16 24
51 35 52
95 76 23
98 69 15
76 35 67
60 17 18
49 30 79
79 82 92
40 8 65
78 34 28
72 90 94
27 7 95
31 69 26
8 38 84
85 94 32
98 35 45
79 49 52
24 34 39
63 91 70
69 44 79
61 95 80
19 40 97
79 30 87
36 92 55
57 52 37
78 9 43
9 86 14
15 46 47
55 33 58
37 41 61
81 53 99
53 28 66
36 65 43
79 38 89
98 76 73
24 32 49
92 17 86
59 78 69
22 96 64
91 2 15
16 57 39
30 93 59
68 1 81
79 31 42
91 47 95
96 19 46
69 12 39
68 92 62
22 41 65
13 14 69
71 2 37
68 38 93
55 87 53
16 96 95
32 31 21
37 35 38
7 12 6
11 57 21
32 87 33
87 28 20
0 36 54
7 48 33
11 61 63
71 72 55
59 12 8
75 93 96
29 12 57
45 59 30
44 21 59
78 24 64
1 4 69
53 42 93
7 34 72
2 33 71
8 88 70
19 42 85
44 6 4
31 75 13
90 34 1
32 39 32
99 54 64
35 29 72
33 37 36
68 85 61
79 17 38
26 44 87
88 62 17
59 47 34
38 32 99
32 84 60
11 14 99
98 39 60
66 13 98
26 54 1
17 49 50
68 52 91
52 94 66
55 81 38
93 49 10
52 40 11
32 85 88
15 88 57
48 58 43
65 28 25
72 2 30
18 47 21
45 56 30
40 16 84
1 10 89
34 27 18
7 98 28
41 13 80
93 46 52
29 3 95
54 25 49
50 55 68
30 93 70
52 83 38
57 84 14
38 37 86
54 89 83
10 86 84
93 67 42
75 3 89
20 2 41
91 35 55
30 13 83
65 5 92
32 71 56
20 42 92
89 88 67
38 89 86
70 87 46
70 49 9
74 25 42
71 11 2
88 42 3
74 55 85
53 2 78
71 94 25
57 43 47
12 83 56
26 15 29
60 76 11
36 0 32
32 47 18
20 40 96
70 10 79
98 20 20
89 95 44
26 35 19
48 54 96
38 16 88
49 83 10
68 97 45
14 27 8
48 32 74
6 51 80
59 43 83
29 81 53
18 45 4
3 97 50
46 12 20
27 86 86
48 78 83
31 30 76
10 22 23
66 33 49
79 16 71
63 83 46
75 66 21
48 97 14
22 15 85
71 60 25
15 20 23
0 28 7
31 81 46
19 92 0
30 20 41
74 82 19
85 78 56
10 18 60
12 98 41
75 96 1
92 13 51
94 14 63
75 37 19
52 84 13
35 9 60
83 87 20
60 33 68
77 85 53
77 83 14
36 16 91
31 32 14
89 11 70
61 38 49
45 72 85
79 24 95
25 82 52
93 81 87
56 33 54
66 54 88
12 48 57
39 59 3
37 59 39
91 12 69
44 0 56
50 32 79
62 57 69
46 88 63
5 88 69
73 92 69
99 19 8
30 26 16
61 78 90
29 85 28
58 59 0
6 49 93
73 1 9
91 99 14
47 40 65
13 66 53
31 46 63
38 30 16
0 18 65
49 96 85
31 42 17
46 57 62
37 93 17
2 58 59
6 64 53
88 54 74
95 0 88
83 55 21
92 69 16
77 66 14
54 28 83
82 71 89
18 0 44
87 23 31
45 36 59
19 13 64
65 14 77
85 1 55
46 76 63
79 26 30
44 7 90
49 9 91
49 86 95
45 61 5
50 46 8
40 52 95
17 60 82
43 34 68
37 9 1
60 16 6
13 72 56
69 96 23
74 57 41
88 57 72
5 82 31
20 65 21
75 67 38
41 85 18
21 68 41
99 62 21
74 79 86
18 55 75
23 5 9
56 15 27
55 84 23
25 60 60
94 56 19
22 98 12
52 85 37
44 93 29
6 41 94
53 43 72
76 78 78
54 17 51
34 27 78
49 29 20
54 23 45
3 44 41
59 16 89
60 58 51
40 63 93
9 60 10
1 99 84
64 11 44
14 79 95
11 70 50
55 92 98
6 4 14
59 41 41
57 15 37
30 75 43
39 98 66
83 51 58
54 55 18
2 74 86
84 99 11
27 18 27
36 97 26
3 78 11
14 71 24
89 60 99
42 38 47
58 99 84
33 93 90
53 44 83
94 95 63
74 17 52
92 63 69
84 38 99
28 11 47
53 2 59
78 91 46
44 7 21
60 41 49
36 0 67
50 22 96
25 29 36
4 15 18
82 74 20
92 15 37
30 56 26
65 27 19
48 8 31
95 62 56
70 32 14
86 65 57
34 10 51
77 27 98
42 43 34
86 21 60
38 25 95
75 48 63
47 11 0
72 57 29
77 14 13
16 3 78
26 29 89
68 85 67
10 60 86
55 37 19
45 6 35
17 41 53
30 51 25
20 39 70
99 2 88
63 32 33
25 78 30
48 87 95
48 28 12
39 44 79
48 73 11
66 63 14
92 26 38
88 41 44
93 3 33
31 93 12
51 66 22
3 91 76
66 19 1
25 81 2
52 64 31
99 64 87
55 19 67
21 25 71
75 16 7
38 63 44
95 71 64
91 61 76
3 40 67
87 29 30
27 10 38
41 82 68
69 82 71
82 10 97
50 69 6
87 96 5
3 10 66
41 75 77
8 68 77
77 19 79
37 58 9
34 60 82
71 91 11
32 79 8
77 37 16
24 32 31
92 44 3
21 18 39
97 41 55
56 95 13
2 13 63
12 80 14
0 88 8
15 61 73
10 48 68
13 99 5
38 66 42
42 13 71
96 57 60
53 10 39
72 88 57
97 55 87
45 1 5
28 91 55
20 43 72
60 31 29
67 92 42
75 99 3
39 9 94
65 40 54
77 1 93
62 52 48
12 86 90
64 54 9
85 50 50
23 29 71
53 15 2
46 13 87
59 42 21
11 12 68
18 82 61
68 62 46
82 24 67
39 49 89
7 5 80
60 38 21
51 22 63
45 46 5
46 24 25
89 4 94
56 66 37
74 55 87
41 3 72
24 51 75
13 45 89
95 11 14
92 86 7
64 21 63
75 74 11
40 67 22
20 57 59
97 98 44
71 39 50
69 43 40
25 22 5
98 32 86
9 11 47
87 79 95
17 92 73
3 22 52
69 75 14
2 78 82
52 21 5
95 2 71
70 50 93
56 68 9
25 35 59
97 60 39
69 24 18
23 92 70
25 89 96
66 48 38
11 23 16
88 33 6
33 82 96
96 17 0
97 80 46
83 28 86
75 36 63
87 90 95
5 23 12
86 24 9
20 37 17
31 77 18
53 83 73
77 20 27
34 26 32
5 47 30
3 88 3
37 44 93
76 83 16
86 61 24
25 39 35
7 77 6
48 15 82
81 26 35
38 69 18
60 83 49
62 64 46
10 56 99
34 40 76
94 91 23
72 62 26
9 53 20
32 86 54
9 4 63
42 96 49
82 27 95
46 62 44
94 60 92
66 35 32
35 92 14
52 38 91
39 11 84
33 74 43
79 5 38
21 91 51
23 51 20
2 71 19
16 85 44
91 78 91
37 41 68
52 97 23
71 65 27
39 55 6
24 47 2
32 8 61
30 21 50
89 27 94
58 38 96
1 16 62
49 56 5
21 82 44
8 84 71
16 76 58
21 67 86
81 45 76
78 36 4
90 63 65
47 32 81
45 42 38
91 77 39
25 59 23
53 80 90
66 20 42
89 62 80
84 46 71
49 79 70
32 77 59
66 15 80
65 8 8
58 96 40
93 11 47
70 73 73
88 57 25
70 18 34
77 67 38
67 81 16
21 18 65
60 87 93
26 14 59
63 71 79
54 87 36
12 78 28
71 92 35
63 75 0
6 30 79
69 57 31
19 60 41
71 46 85
15 29 44
75 23 56
69 58 75
31 82 50
21 80 17
71 65 83
43 78 87
40 0 73
15 75 59
20 92 98
6 78 8
82 75 17
84 73 57
39 86 63
38 17 12
31 19 50
9 55 88
52 60 78
4 38 60
94 2 2
71 54 80
1 63 57
35 32 21
40 50 91
73 28 37
4 59 33
8 21 50
11 23 17
14 30 32
46 43 69
83 33 63
8 96 38
65 71 47
2 5 45
95 93 99
41 67 36
12 94 94
34 1 67
49 7 4
8 72 56
19 47 19
48 34 73
32 71 62
20 17 66
11 2 95
10 68 47
68 1 86
60 47 32
60 90 9
92 16 85
23 82 96
69 73 10
67 61 58
56 23 18
17 47 38
8 15 40
38 20 25
61 12 26
63 75 27
32 64 86
0 29 10
51 37 90
34 45 80
7 81 52
37 99 6
84 66 13
49 69 10
90 33 13
79 99 49
51 31 69
65 44 16
36 95 78
99 26 15
79 57 28
51 35 59
43 6 92
10 81 66
82 43 63
5 9 87
85 90 45
60 13 61
32 98 64
99 85 68
92 47 37
80 46 31
98 82 10
5 78 75
55 73 12
71 27 23
30 85 67
15 84 78
1 90 31
95 79 12
5 80 45
82 24 45
63 70 32
1 88 24
98 40 31
38 98 62
84 11 18
5 80 15
28 55 95
24 38 57
19 80 13
54 81 48
20 52 27
84 93 38
67 11 69
21 96 35
92 25 85
5 26 16
6 26 61
86 5 59
92 69 5
25 89 5
23 46 63
51 5 89
87 67 60
74 47 99
0 98 28
46 98 57
80 41 11
52 48 25
85 19 67
21 5 51
55 1 72
98 14 94
57 0 8
55 91 6
37 50 45
97 78 30
98 53 79
43 74 95
40 6 84
37 34 18
18 73 88
10 43 89
5 28 44
66 63 36
11 98 71
6 81 2
31 63 72
15 36 78
34 54 87
17 35 60
13 1 16
71 8 16
88 42 74
56 18 11
12 31 22
13 40 56
11 29 18
69 97 52
18 72 78
40 58 11
55 90 25
84 37 36
53 12 64
98 18 88
73 76 69
99 45 66
49 72 59
6 71 69
30 77 91
41 76 17
35 52 74
29 59 11
84 63 28
71 15 47
60 58 81
30 48 93
10 23 67
71 39 14
12 45 60
9 74 71
87 27 0
12 98 42
30 22 48
67 86 55
92 33 41
76 91 0
66 12 80
48 44 61
35 75 62
59 37 33
85 10 25
20 12 22
15 79 43
98 6 97
16 31 58
69 32 3
64 79 48
46 77 44
52 38 97
76 30 10
25 46 95
28 74 52
84 32 40
20 16 33
48 4 3
70 69 59
60 65 70
76 92 88
55 28 41
21 50 5
14 90 50
9 69 40
39 63 8
55 56 47
91 17 43
85 76 20
5 18 56
84 78 14
22 10 69
15 3 98
95 32 53
61 16 63
33 57 20
4 12 59
27 55 68
41 9 85
47 30 45
2 42 15
4 27 66
72 98 83
32 11 36
96 30 87
76 87 84
39 29 28
54 73 96
90 39 55
55 45 79
18 42 35
32 60 31
47 8 55
18 3 60
87 18 93
13 48 48
58 35 18
5 16 13
50 14 99
31 63 56
32 36 67
62 60 30
61 0 29
97 53 25
40 70 1
43 99 35
12 31 98
77 15 87
50 62 84
56 16 0
5 82 32
17 97 65
43 92 56
21 53 38
53 18 23
8 60 50
88 97 66
82 89 6
38 80 48
80 23 62
28 76 33
58 17 25
40 99 13
5 62 55
5 3 27
95 41 46
79 52 17
62 19 76
48 75 15
50 58 19
74 68 45
78 34 5
57 36 74
78 90 15
57 34 80
64 60 43
85 36 67
61 26 50
77 23 66
88 14 41
38 8 59
83 46 75
97 21 26
9 66 74
18 8 30
65 93 34
31 38 38
49 93 16
35 93 95
49 38 79
61 52 98
42 43 4
62 90 85
25 43 88
66 32 83
31 7 61
20 9 16
3 97 4
59 36 78
64 36 11
88 13 41
84 66 41
32 50 92
25 10 10
53 8 37
55 67 12
90 74 0
65 99 10
69 48 92
54 58 84
16 4 60
98 26 99
26 68 81
92 84 2
0 2 40
12 60 89
41 34 18
24 89 51
62 42 27
94 16 48
10 11 38
62 20 37
7 80 21
8 57 75
82 42 33
57 72 24
7 24 9
32 16 28
71 19 4
7 32 56
77 87 14
57 96 85
85 5 45
7 76 91
0 19 28
86 42 65
75 67 35
56 87 71
98 82 86
34 96 16
30 5 56
97 24 24
2 17 78
0 3 4
28 34 26
0 18 11
91 13 49
4 89 84
38 49 83
53 62 39
46 99 86
52 87 81
32 36 98
94 98 15
7 78 54
56 62 34
62 64 11
56 88 12
98 55 61
72 34 39
16 89 86
14 35 51
50 17 64
97 24 88
72 39 5
69 26 87
7 2 95
59 36 50
73 49 17
44 47 27
64 95 13
82 37 4
80 14 90
44 53 14
37 65 52
86 61 75
9 33 61
77 16 38
2 77 41
8 64 89
13 6 52
0 7 16
96 85 64
55 30 88
85 50 17
48 16 1
27 30 32
83 17 71
97 53 27
70 88 31
42 69 10
16 95 91
8 63 8
97 44 17
36 52 72
20 2 94
38 88 79
13 56 76
24 18 10
84 4 9
94 36 62
29 74 8
63 17 27
76 73 33
70 39 42
0 54 19
18 56 41
5 1 55
7 83 79
70 20 95
11 63 57
99 32 93
22 97 18
50 24 18
19 12 6
62 40 0
11 64 40
45 17 65
66 78 58
75 46 18
69 56 42
54 8 61
91 25 37
67 95 13
81 71 78
55 73 57
86 3 84
36 54 17
86 55 80
52 76 99
57 43 43
66 63 73
6 45 76
17 1 63
75 88 6
53 90 64
79 31 81
44 97 45
41 62 63
93 55 2
49 1 55
49 12 90
46 42 17
54 41 90
71 87 93
10 84 26
76 73 81
76 47 8
41 71 74
82 76 31
42 71 97
32 53 85
70 95 75
57 38 10
31 35 57
41 5 81
98 76 76
38 50 54
67 42 17
4 65 35
76 91 2
61 49 50
45 59 29
36 83 53
67 33 50
81 63 9
84 92 44
67 58 30
17 36 66
67 18 9
45 20 42
69 0 56
81 16 50
11 53 87
1 36 95
75 6 37
57 16 2
42 70 69
77 13 91
34 0 97
84 17 34
36 4 52
78 11 60
22 44 10
20 56 76
43 18 98
28 65 52
93 36 10
50 23 64
0 2 16
10 40 94
69 55 35
53 45 47
87 3 72
33 25 53
43 97 81
89 16 31
22 8 31
93 37 3
32 66 80
64 91 58
50 66 65
27 72 2
42 77 79
44 7 25
43 19 23
51 14 8
60 5 25
38 84 85
10 40 19
5 83 41
89 9 73
82 93 72
24 45 19
19 34 28
90 77 31
67 43 10
60 32 76
1 4 90
99 74 90
39 38 56
20 23 50
12 56 37
29 76 16
70 21 75
50 34 28
37 65 46
2 12 50
14 74 57
56 74 72
0 6 40
35 57 79
23 35 54
79 37 73
83 80 65
23 39 94
27 80 63
23 13 13
27 95 14
46 95 24
86 88 36
59 69 25
4 56 7
51 94 5
15 30 46
69 55 92
65 64 98
50 64 71
29 6 3
48 51 84
39 64 56
94 58 0
11 3 61
43 15 30
94 5 88
10 73 73
14 54 58
80 54 97
26 63 7
35 62 50
93 5 21
30 60 24
56 38 55
6 8 32
66 47 46
16 80 17
24 29 46
9 94 19
44 32 70
29 61 77
66 40 25
51 33 68
9 76 45
88 94 39
78 51 34
97 0 3
94 82 94
81 76 59
56 7 85
45 91 6
42 93 16
18 59 1
47 2 62
98 71 63
63 20 9
91 68 25
84 65 4
44 61 77
20 40 76
58 78 44
42 39 94
56 32 49
60 10 67
19 53 63
9 44 96
59 91 32
32 87 70
15 26 21
84 44 74
80 97 3
93 45 57
51 4 1
47 23 86
86 35 12
4 68 31
87 40 71
68 30 27
24 18 96
25 83 51
79 63 6
30 64 94
29 18 13
91 62 40
52 86 31
3 80 67
49 95 60
88 21 33
99 36 36
40 42 2
61 99 41
47 90 82
95 54 84
0 63 40
3 32 94
81 93 6
98 83 9
2 86 77
67 69 63
19 12 53
52 59 84
3 46 80
54 37 74
74 19 31
30 19 93
95 43 17
42 64 56
3 84 10
95 31 38
99 9 84
98 52 73
16 46 87
71 97 66
17 96 62
48 1 10
12 89 41
79 90 33
47 19 78
68 34 88
60 25 18
2 37 45
49 57 49
96 30 0
57 26 0
49 3 12
92 93 26
68 7 62
81 32 12
84 77 47
6 66 84
47 77 57
51 42 65
57 54 55
94 81 65
48 19 20
60 2 18
53 10 7
65 1 66
97 89 21
16 52 64
29 10 58
83 37 0
71 45 79
77 13 46
5 18 82
49 25 71
9 26 86
89 75 53
52 21 66
97 48 27
1 48 59
16 97 28
16 61 26
35 28 21
29 31 12
84 34 39
82 1 7
28 1 22
34 86 86
11 44 7
82 56 70
39 33 80
59 6 9
5 23 32
93 54 42
92 28 85
94 52 94
98 68 27
10 8 47
69 89 36
39 85 59
93 35 85
34 19 11
31 55 2
42 78 15
57 5 26
85 74 55
36 63 8
42 29 67
41 60 18
73 9 9
76 69 0
62 75 74
25 40 32
80 46 14
94 4 41
62 52 20
52 12 37
85 38 62
52 21 41
9 15 54
56 13 56
62 94 24
61 5 76
75 30 11
34 22 16
54 4 35
28 38 76
86 18 81
56 85 95
31 18 18
3 33 30
37 95 97
7 84 23
0 27 14
17 81 67
45 44 52
36 51 1
40 66 56
87 99 83
82 81 76
73 52 40
1 59 70
54 12 89
41 82 78
80 37 75
24 20 37
42 43 46
99 45 5
92 84 91
23 92 34
49 42 74
91 81 87
46 94 99
86 58 20
37 49 53
37 11 54
86 10 95
61 7 68
29 15 32
79 10 63
37 55 49
77 94 35
65 70 85
60 43 47
55 72 22
96 64 95
48 46 31
47 29 46
66 56 63
96 69 40
11 36 29
58 79 91
40 33 83
86 9 57
37 38 23
15 3 29
7 19 51
23 12 96
40 43 49
0 95 91
93 15 83
74 20 22
73 52 85
99 70 88
44 0 9
74 2 77
1 24 89
21 9 81
0 13 29
48 98 69
75 14 89
24 52 1
72 34 2
28 32 54
14 60 38
26 85 35
63 79 0
98 9 57
95 46 60
57 46 41
30 45 81
56 6 60
64 67 28
55 46 34
94 58 41
99 71 59
38 2 47
80 42 39
13 34 62
17 70 30
53 77 57
69 2 82
18 35 2
56 93 42
85 57 45
11 87 42
54 16 52
43 12 53
15 6 81
11 39 1
6 70 68
90 13 80
41 93 79
7 5 32
58 0 28
57 46 72
28 7 99
97 18 47
65 22 6
43 77 44
48 36 33
41 82 68
68 86 38
52 84 30
43 13 41
50 69 82
52 58 34
40 72 27
44 57 33
0 4 75
76 49 7
24 47 45
27 93 38
26 6 17
49 80 0
84 25 28
95 17 82
19 8 48
40 19 2
87 73 22
32 57 25
94 26 17
27 70 39
4 70 56
34 8 22
75 3 0
65 15 18
56 90 76
22 91 0
20 95 29
98 49 67
22 73 19
44 59 18
17 76 68
65 28 49
63 84 29
78 20 25
69 93 39
13 44 74
70 86 50
70 71 55
66 27 47
6 98 54
92 4 21
81 22 18
6 89 4
51 52 60
33 7 42
50 30 34
55 86 61
97 72 6
53 45 19
80 86 98
50 41 8
54 68 31
66 91 49
24 90 46
3 43 36
31 15 39
93 28 95
95 71 25
74 44 54
74 33 91
43 98 66
33 51 43
63 17 96
96 37 0
12 89 30
3 74 90
90 24 27
66 10 71
55 31 88
31 29 64
94 42 27
58 11 19
32 55 42
44 14 45
30 36 59
13 87 73
2 20 46
7 59 81
4 47 36
82 47 61
15 56 33
7 90 60
73 57 79
86 21 51
21 76 0
26 56 45
83 15 7
34 38 11
47 51 27
98 71 24
72 87 59
36 78 37
62 90 22
94 16 63
28 83 97
2 30 61
18 19 78
75 59 33
23 41 66
1 2 65
64 13 32
57 6 54
49 57 10
84 23 61
53 70 88
87 96 66
22 14 50
88 12 39
21 47 17
56 50 73
52 60 31
47 31 75
35 9 60
37 66 50
48 51 85
8 75 21
25 67 23
41 22 55
61 21 28
32 18 47
54 51 66
79 11 3
95 5 35
37 43 96
73 69 20
13 62 98
8 40 42
58 23 77
62 52 37
64 50 70
21 63 95
4 84 16
87 62 57
9 68 23
95 70 94
62 55 85
90 18 59
77 39 58
49 97 38
44 8 78
28 40 53
54 99 69
7 28 87
8 37 73
70 67 9
20 16 83
38 35 37
49 19 5
38 33 46
33 62 21
53 86 33
87 66 65
55 45 51
87 38 96
52 19 75
14 44 33
47 64 54
52 19 15
47 99 51
67 59 88
92 48 40
20 39 90
88 32 94
65 92 48
54 53 73
51 14 87
6 4 41
28 83 0
68 18 1
46 87 77
2 20 76
71 35 26
41 20 40
82 53 86
41 31 66
46 71 35
52 88 49
35 36 51
43 80 24
7 23 4
19 59 44
20 19 97
90 32 89
79 47 57
71 53 88
69 3 44
12 7 56
95 51 33
95 85 16
24 80 48
94 77 17
1 40 90
49 68 17
67 99 79
59 42 12
70 15 96
23 80 24
77 76 76
33 42 90
42 39 68
9 56 26
39 86 90
91 1 1
26 74 28
40 38 0
13 53 62
48 63 30
56 18 98
35 48 18
97 60 14
36 44 84
67 1 77
27 29 68
39 12 39
33 51 38
93 74 63
40 10 95
24 57 95
34 30 10
55 61 40
0 1 1
54 16 70
63 87 93
28 48 21
40 11 51
71 3 19
36 21 67
92 82 92
7 95 17
44 43 31
77 87 96
51 92 4
32 22 70
44 16 92
34 24 59
48 13 79
76 71 31
71 42 75
27 97 36
81 19 72
36 91 13
88 40 7
81 77 41
73 26 51
60 57 90
71 15 77
86 51 92
36 74 35
50 37 28
88 92 86
72 14 12
36 7 95
97 25 48
84 94 7
35 92 22
27 21 21
55 62 12
54 45 1
71 69 55
46 36 3
41 58 72
46 79 19
78 39 66
5 58 32
2 28 87
48 44 21
25 85 46
63 85 49
46 19 8
51 24 82
14 99 48
73 38 74
69 55 64
45 59 16
91 61 52
26 60 94
42 18 42
34 99 69
8 18 87
54 50 94
53 30 64
57 19 74
71 5 38
9 16 85
90 27 42
4 1 38
81 60 25
14 48 49
77 57 61
2 94 84
51 98 60
53 20 7
80 14 13
40 12 91
91 11 46
76 2 41
0 27 97
43 96 43
81 97 91
58 35 68
52 21 71
93 27 48
98 33 62
76 19 70
74 59 62
29 86 21
0 43 95
33 88 60
20 39 14
58 17 65
92 70 83
71 35 41
61 85 49
36 58 54
10 5 79
32 91 66
78 23 37
11 20 15
60 94 21
5 38 44
77 95 82
50 34 78
87 95 2
41 86 6
40 44 19
48 90 25
75 51 76
35 77 19
31 79 7
8 6 70
5 35 32
38 80 62
67 40 62
65 1 71
78 89 63
90 9 58
41 24 12
83 75 14
49 55 93
10 54 75
51 64 92
27 91 95
94 85 20
44 37 60
54 21 52
86 11 28
78 63 44
9 55 74
55 10 63
1 68 97
38 97 31
96 43 60
96 1 4
8 61 95
9 87 95
43 85 59
92 95 47
3 70 32
28 87 75
9 62 74
21 34 30
57 65 7
98 51 38
99 4 53
8 21 34
45 33 80
95 21 41
54 85 11
28 20 52
75 60 27
42 70 62
82 87 86
46 80 70
1 49 7
40 93 35
80 76 97
96 62 0
4 20 31
67 89 79
64 82 5
56 25 7
62 48 66
8 3 38
80 62 96
36 85 76
68 41 34
97 19 19
2 34 37
55 37 70
80 26 43
8 87 62
81 89 15
50 31 87
71 47 32
77 75 61
26 20 0
82 59 4
5 67 43
45 80 48
59 87 96
95 50 96
70 31 41
5 84 49
44 37 51
7 14 21
28 51 82
47 15 58
78 59 86
12 11 46
17 72 51
77 15 7
84 55 87
46 16 3
70 27 92
29 41 48
42 28 46
30 80 34
66 54 94
88 6 79
77 37 41
83 67 25
98 0 11
28 85 7
3 56 9
66 62 8
67 19 30
38 10 91
61 1 1
70 2 43
1 40 29
67 49 34
27 52 98
76 19 56
56 17 46
1 2 56
20 62 56
84 41 21
97 46 96
3 30 94
61 16 13
37 94 23
90 23 19
97 79 18
19 7 95
82 38 37
84 3 63
45 28 47
11 50 6
74 33 45
19 26 98
49 8 63
81 94 29
59 62 96
42 65 51
41 74 18
58 41 41
4 13 20
0 34 19
71 12 63
85 72 33
90 10 49
53 20 43
61 22 88
15 39 81
55 84 38
75 91 27
35 56 3
35 39 85
57 21 40
93 15 53
22 87 79
19 14 24
55 36 81
10 86 47
73 27 62
89 27 84
12 99 31
21 89 47
3 54 72
7 25 66
5 41 41
65 87 32
2 37 73
50 2 28
1 72 65
32 84 30
36 47 6
51 94 35
33 68 38
10 95 29
55 70 74
11 35 11
1 45 27
68 56 38
33 48 35
27 25 23
43 38 33
67 28 98
56 45 8
85 2 11
60 77 92
47 11 99
70 95 21
50 57 32
87 49 63
11 6 62
32 95 73
17 90 39
87 5 48
82 35 98
68 13 26
30 87 30
99 4 4
70 76 45
38 57 11
69 22 52
35 8 93
45 16 75
94 43 86
19 85 36
90 81 27
8 67 21
86 43 29
29 6 59
78 99 93
87 73 23
36 47 7
60 34 56
39 64 5
24 85 6
95 94 77
85 95 37
76 30 97
23 42 15
60 82 78
47 10 36
47 93 39
2 56 93
71 48 25
25 98 49
74 76 8
98 41 88
13 33 72
96 80 19
3 59 18
37 25 69
50 19 44
91 93 7
3 67 45
90 70 74
78 66 78
51 7 4
91 61 24
42 88 32
34 50 18
30 54 26
52 75 54
14 1 73
51 19 69
34 45 27
79 0 13
91 29 11
91 5 29
21 75 81
76 94 43
79 28 93
39 54 41
82 5 40
33 49 61
73 52 52
53 34 24
16 47 1
16 82 51
65 85 21
48 44 41
53 63 84
39 27 31
33 66 38
45 22 3
96 33 80
61 6 50
58 20 80
63 81 76
28 85 44
8 18 42
65 36 13
58 25 45
7 47 35
25 17 77
36 27 82
79 57 2
11 70 30
22 79 44
81 85 0
17 38 79
46 52 32
78 48 57
19 26 0
79 63 34
19 61 23
90 36 18
11 58 59
68 81 68
2 12 15
44 42 78
63 30 90
8 71 49
75 19 2
66 30 55
76 60 90
98 59 1
47 7 57
5 36 43
42 53 14
9 3 50
72 84 89
57 11 25
87 40 82
84 14 10
11 47 68
77 40 67
6 96 21
37 80 59
50 75 29
85 26 78
28 62 8
95 61 19
45 13 12
80 85 23
12 61 56
98 19 38
61 36 34
68 49 71
71 65 60
81 79 9
89 48 39
85 76 83
11 18 58
65 63 79
75 94 70
97 40 37
57 49 18
26 95 57
43 7 75
45 58 10
87 2 73
60 26 15
90 2 15
5 48 55
64 43 10
81 46 44
21 95 54
13 12 93
76 17 23
23 12 33
24 42 66
19 35 13
3 46 82
94 97 36
93 21 60
14 87 34
46 83 72
31 38 89
48 58 37
90 33 84
8 73 29
33 46 49
95 4 62
7 62 59
43 0 22
76 56 54
25 73 95
29 97 24
99 60 63
53 78 10
83 59 25
55 35 29
26 14 8
33 70 51
97 16 85
44 90 9
62 0 34
51 67 4
78 48 7
33 56 27
92 47 84
89 7 95
96 69 96
47 96 87
56 81 5
56 72 72
29 53 12
59 19 31
19 76 13
78 47 1
34 26 21
16 79 56
10 58 35
45 20 85
84 63 99
34 11 90
22 34 93
12 33 86
17 14 3
55 78 6
10 82 46
44 85 49
45 57 74
77 26 93
62 40 50
99 18 47
56 64 65
45 59 16
66 41 56
29 96 57
15 35 5
21 25 16
93 85 69
49 15 70
51 69 14
96 71 3
81 20 3
41 32 1
61 41 82
23 89 34
39 73 63
19 20 83
32 37 40
61 14 7
76 2 74
57 10 24
48 63 74
52 33 53
56 64 84
66 28 29
71 91 55
23 3 40
59 40 57
91 24 56
42 2 12
44 64 87
76 82 89
32 62 55
66 56 57
84 37 13
15 85 2
77 11 59
46 52 78
85 51 35
25 48 17
68 98 13
61 18 64
64 61 82
85 64 92
63 81 3
64 39 35
6 78 92
2 38 35
44 2 50
37 31 26
9 11 0
12 0 95
27 84 31
6 47 66
14 21 86
47 31 43
48 98 26
14 12 96
85 17 47
48 78 48
1 15 99
91 78 37
52 94 23
22 36 22
8 33 19
66 0 26
11 0 84
30 37 71
10 61 98
1 8 6
39 99 47
3 8 3
86 42 52
36 42 71
36 25 55
21 6 1
95 30 94
99 7 69
60 68 5
64 37 10
91 37 81
6 75 87
4 81 2
81 35 90
44 83 32
98 87 40
55 85 52
0 33 57
32 77 26
13 62 9
60 3 29
26 29 23
99 5 47
29 68 85
91 33 12
72 24 18
40 80 21
82 67 72
96 82 92
28 38 1
84 9 89
20 71 3
50 12 58
23 73 46
85 27 13
71 63 69
62 77 75
88 2 6
20 58 89
28 92 7
62 29 14
86 79 63
34 22 98
27 52 69
91 56 2
20 37 22
38 46 40
40 89 8
41 84 6
46 85 55
46 65 2
23 3 50
52 56 17
68 38 66
68 32 69
92 15 65
55 31 64
65 88 10
0 66 53
78 17 23
44 31 28
92 66 98
62 21 8
46 21 37
29 51 86
96 80 17
27 29 29
44 73 75
33 18 11
12 8 39
18 65 1
45 2 1
1 30 35
76 50 81
98 73 51
83 30 91
5 65 99
51 47 38
96 10 73
29 26 80
90 60 82
17 74 30
43 94 70
40 37 24
0 33 83
10 88 32
74 12 51
73 63 50
90 24 27
6 5 13
80 87 99
87 25 29
5 33 85
63 70 83
72 75 38
56 81 53
60 62 70
83 9 24
1 37 99
65 47 98
53 63 38
91 20 69
92 1 71
96 56 48
60 25 72
59 54 45
40 1 83
24 34 31
31 74 10
68 1 55
27 92 45
93 59 29
18 37 60
95 64 74
68 89 27
33 98 48
49 57 11
6 66 86
81 41 7
13 76 27
30 31 67
53 51 42
41 18 61
27 50 12
14 6 92
83 87 5
73 8 83
68 0 55
53 7 67
40 72 35
73 10 27
97 26 95
72 60 5
72 6 87
59 98 77
76 15 11
56 32 36
33 73 51
26 74 48
88 51 36
31 29 41
7 9 80
68 77 67
19 63 70
14 83 63
50 94 38
14 23 30
83 64 41
20 44 10
68 3 16
43 17 87
4 6 31
36 27 54
48 90 89
63 82 32
46 79 95
19 7 38
63 10 82
87 11 11
90 91 79
97 49 8
98 78 58
86 89 74
99 0 8
19 38 56
49 15 17
4 16 29
10 68 88
1 50 40
84 9 10
11 57 89
9 78 40
33 27 45
4 45 64
75 51 76
76 55 72
13 74 36
55 56 91
51 7 74
40 99 86
37 74 62
21 52 8
0 74 57
48 55 82
14 74 19
66 35 36
13 7 96
88 35 97
69 39 99
86 74 15
98 91 65
60 37 1
9 82 69
9 94 53
99 87 38
9 15 45
61 8 14
67 50 31
38 43 5
83 86 43
30 65 59
27 56 21
34 25 0
15 73 19
26 62 77
73 15 55
40 89 26
99 0 45
61 32 66
38 8 84
62 54 12
94 43 79
51 16 40
72 45 75
54 46 1
72 81 27
93 82 11
48 21 27
98 72 77
56 2 38
90 78 43
69 86 7
45 99 12
70 9 93
16 54 30
22 13 76
7 73 29
58 2 20
65 64 77
74 48 86
74 43 35
7 11 76
40 28 37
16 11 87
97 45 60
30 69 64
45 27 31
5 73 7
61 77 76
61 13 79
46 62 99
3 47 3
85 26 6
49 67 19
35 32 83
48 4 46
39 33 20
0 31 84
9 39 30
29 45 93
47 25 25
22 43 87
2 13 65
65 72 69
16 40 20
63 30 60
28 5 8
0 54 74
92 12 39
25 40 68
99 22 31
70 93 94
43 94 84
45 11 38
62 71 77
79 29 77
12 39 79
29 37 54
77 32 15
87 7 44
91 96 58
34 20 0
70 73 33
70 97 18
56 60 42
78 8 18
49 77 84
87 53 97
76 82 74
54 11 5
5 53 12
32 96 13
66 67 55
69 19 58
96 27 69
55 25 54
77 74 14
53 5 35
19 54 42
36 57 61
82 63 48
22 55 90
73 75 50
2 11 85
13 87 67
9 75 37
23 17 42
13 34 60
61 74 22
42 37 7
11 18 97
29 8 55
44 81 45
56 46 92
1 59 26
61 71 76
20 3 39
19 3 13
23 93 64
65 63 74
95 28 61
58 87 47
19 43 1
31 27 64
37 65 75
92 28 15
53 33 22
90 84 69
70 7 50
8 99 87
71 49 94
90 42 75
48 43 10
61 0 8
78 88 85
19 97 31
32 31 67
82 91 77
83 0 24
11 42 76
41 39 61
56 71 89
62 89 52
20 21 32
78 99 28
6 70 58
57 45 33
51 94 75
26 23 16
28 36 46
97 68 53
89 70 25
36 96 9
25 61 22
81 5 21
85 3 49
2 78 72
96 68 10
43 57 57
89 77 99
70 43 58
21 97 61
52 88 21
95 81 32
64 12 76
93 3 35
12 35 5
7 95 51
56 28 38
41 97 28
69 57 87
79 1 40
63 95 56
85 28 2
87 68 81
22 81 93
52 14 67
68 8 69
36 49 99
9 71 87
17 86 80
11 45 16
98 46 61
65 67 60
89 35 93
99 81 8
93 80 91
48 46 66
57 84 81
86 66 49
0 78 89
36 27 46
12 96 56
8 49 16
20 79 43
81 17 83
67 17 85
26 7 15
8 23 37
34 40 10
55 70 6
80 23 0
43 54 50
2 32 10
35 81 13
66 52 74
48 38 20
14 0 0
42 84 53
41 97 23
23 20 8
7 9 67
55 43 64
19 42 94
86 31 96
93 85 30
11 80 48
36 37 19
11 95 62
82 83 68
43 42 56
64 77 56
38 46 95
59 64 11
20 59 55
24 98 0
89 28 73
41 9 43
32 4 86
11 60 29
35 47 23
74 81 58
87 2 94
69 10 77
92 11 58
31 36 38
81 53 62
36 31 10
41 48 34
55 19 57
54 29 85
12 92 61
32 26 23
46 76 28
43 21 53
20 18 11
65 2 8
86 84 84
76 48 10
28 36 46
62 91 63
6 70 16
30 10 48
25 50 95
86 28 44
53 6 20
47 70 58
55 83 89
49 68 89
21 4 62
57 61 47
82 96 97
91 36 82
56 40 77
27 12 86
0 21 76
72 64 76
8 51 22
22 12 68
19 4 64
78 65 85
9 15 83
12 74 22
84 52 53
36 44 59
45 36 51
53 40 15
5 38 59
50 4 89
82 18 77
93 94 89
87 7 67
14 75 95
98 56 93
45 53 17
97 42 32
0 63 43
7 38 94
40 93 99
6 71 76
1 41 80
80 55 12
67 14 54
35 7 85
10 17 5
48 42 61
71 7 11
0 3 16
94 10 32
74 3 55
59 10 62
5 28 15
5 73 70
28 24 23
31 12 41
95 61 79
17 60 72
36 40 14
73 71 5
3 89 90
60 0 75
46 31 31
58 63 90
75 14 94
34 27 92
32 96 33
3 21 60
42 55 55
64 94 49
67 5 86
24 65 78
49 3 45
6 93 25
12 94 48
80 42 24
23 24 55
9 43 91
73 67 5
76 11 40
29 13 86
32 52 54
31 82 95
83 98 20
93 50 84
32 90 68
50 26 20
96 50 66
96 14 38
86 37 4
80 44 41
47 48 22
63 23 63
28 40 79
70 17 0
65 29 56
28 87 59
11 6 4
43 62 46
91 13 20
99 56 23
80 3 69
87 47 7
95 49 37
25 97 69
39 67 5
6 56 83
40 67 99
20 88 71
53 36 67
61 0 57
62 66 8
70 12 73
74 99 73
97 25 32
74 24 24
65 56 48
19 53 99
94 46 42
9 53 72
60 2 84
28 60 22
94 36 72
50 59 65
5 29 47
19 35 48
46 59 98
38 19 71
10 59 1
16 69 22
86 87 8
19 13 13
68 50 50
58 34 48
48 9 70
12 35 5
19 96 77
0 38 78
45 65 11
60 84 39
8 71 2
50 12 48
93 94 77
36 16 51
58 20 44
30 52 22
24 52 35
73 78 99
81 7 52
44 52 91
77 97 5
53 40 11
63 74 96
88 24 25
99 5 23
6 42 77
26 49 52
41 34 87
61 73 47
75 94 72
67 24 51
62 51 92
62 40 73
68 44 12
44 89 26
14 87 69
53 98 61
42 57 51
7 92 16
18 64 76
3 28 71
48 0 31
47 24 88
41 48 72
40 81 48
0 73 59
9 11 29
29 64 20
12 8 75
94 21 16
14 43 27
38 54 37
42 86 62
70 63 66
5 87 61
99 45 37
42 80 56
67 98 9
16 26 9
16 72 84
54 70 39
36 48 78
12 1 66
97 27 25
27 32 29
63 60 0
17 82 90
59 67 94
3 94 15
32 55 56
7 92 66
42 71 58
13 51 13
64 16 70
48 86 16
89 74 82
42 87 50
59 83 55
74 79 73
56 96 48
67 80 32
87 83 4
99 19 29
58 91 63
24 23 13
85 24 54
33 14 90
92 82 60
5 11 44
88 24 25
57 22 14
8 82 90
41 54 28
67 61 90
72 53 36
64 95 90
47 90 71
36 1 97
37 32 12
67 96 85
13 52 82
3 4 86
45 48 38
66 17 88
76 9 96
84 87 36
34 30 72
69 73 63
14 10 88
55 12 68
61 5 62
84 58 83
51 80 11
52 37 34
35 52 44
97 37 55
42 53 50
18 63 54
76 39 68
12 51 88
21 28 41
36 83 14
26 23 61
92 39 89
32 6 46
80 83 26
59 74 55
34 69 46
51 61 50
15 5 37
77 1 4
31 93 5
72 45 29
55 63 87
8 12 46
47 29 8
11 89 78
48 47 50
49 15 29
80 32 51
67 48 66
75 87 2
64 23 0
88 2 89
25 5 72
26 93 74
54 27 11
0 36 63
30 86 51
24 13 8
70 42 65
25 9 48
9 11 42
25 17 36
42 63 38
19 14 26
80 92 16
37 47 33
57 71 53
37 82 91
59 46 65
93 81 29
34 29 69
1 9 13
5 74 5
90 14 68
49 75 69
5 76 78
23 54 81
13 89 41
39 23 21
3 63 66
4 48 55
30 48 10
63 6 76
72 50 19
46 72 33
57 79 21
34 39 52
71 8 35
87 29 23
12 2 26
4 38 63
82 48 27
30 45 1
61 80 73
92 30 21
41 89 6
54 44 20
34 78 68
42 46 18
45 95 87
66 73 20
81 54 14
9 44 97
51 67 59
22 34 57
70 84 48
40 67 95
71 36 72
78 31 31
73 18 64
50 21 91
86 33 7
75 25 8
53 30 4
74 4 24
4 29 53
48 25 88
86 0 21
92 61 22
40 22 9
97 85 67
32 22 8
23 31 46
72 58 60
44 53 78
49 86 2
23 74 47
17 74 69
41 80 42
92 85 23
49 3 5
43 70 70
77 53 79
79 58 91
69 8 72
97 79 57
28 79 56
42 63 36
96 60 33
95 29 27
87 69 42
24 4 19
36 67 56
35 42 53
5 61 70
16 72 98
51 59 1
89 28 57
16 32 95
43 52 85
21 37 37
57 28 95
23 77 84
19 95 58
24 59 9
75 1 59
59 5 8
8 30 41
57 1 65
29 54 97
18 40 68
63 84 4
85 51 57
52 28 54
33 30 27
52 65 40
14 69 8
1 25 37
28 95 65
54 81 79
37 10 25
88 28 83
77 32 74
36 50 43
30 44 1
81 15 12
8 98 61
37 23 26
82 27 81
3 57 49
67 34 39
32 76 54
68 39 36
89 62 36
53 69 30
73 34 74
76 60 27
77 75 3
86 65 94
28 71 44
34 41 29
98 60 1
61 37 65
26 92 76
66 71 56
65 8 63
82 59 79
13 87 31
45 34 32
41 9 34
89 46 48
28 63 7
38 58 4
66 49 61
13 79 59
37 9 69
60 33 6
31 51 43
12 86 31
77 66 55
31 88 62
26 13 99
37 59 8
67 76 64
47 99 48
90 50 9
38 20 78
69 56 17
79 22 49
2 33 8
68 64 77
71 65 22
5 63 20
46 84 90
10 25 31
29 4 98
56 55 68
73 49 47
26 46 46
45 61 21
19 99 64
38 62 84
25 39 26
85 91 36
34 17 10
14 89 15
44 55 92
3 34 28
56 91 14
76 14 98
99 24 57
42 23 49
35 47 90
74 4 75
69 80 39
28 4 42
45 69 11
97 86 95
15 8 68
51 99 84
48 21 21
81 82 61
71 97 47
41 68 56
86 81 5
85 36 19
69 18 47
48 23 26
64 79 57
80 8 52
56 66 44
51 49 20
70 74 4
32 39 11
40 42 40
67 40 86
58 91 59
77 8 31
83 66 92
30 4 45
98 43 11
3 54 24
1 30 25
66 76 94
93 71 39
18 6 61
77 78 9
77 81 73
14 83 87
80 96 62
45 88 8
36 38 18
36 65 73
43 54 39
64 42 87
35 90 99
3 76 72
94 21 11
31 51 81
39 48 75
21 47 78
17 21 51
32 37 6
54 17 21
88 29 29
84 78 62
32 25 60
90 67 93
51 93 46
64 81 80
87 69 94
30 97 17
65 22 50
60 71 81
88 91 28
75 90 12
88 79 9
75 28 91
12 22 82
69 0 32
60 3 14
74 20 98
5 55 9
60 43 1
89 36 82
65 23 0
21 72 63
81 13 54
72 64 11
25 58 69
30 29 17
82 15 71
8 61 10
90 47 35
68 58 69
54 99 27
99 91 46
64 52 44
23 21 12
75 79 98
33 27 46
36 54 64
98 88 38
84 95 46
54 66 52
89 90 22
90 30 25
99 65 75
29 96 33
19 28 62
62 75 69
90 5 95
32 48 39
58 28 26
69 55 76
69 62 33
91 76 20
26 77 98
3 94 56
87 48 84
55 91 27
10 83 93
48 39 2
86 55 52
15 11 30
76 78 51
88 22 35
45 38 16
46 50 77
38 46 66
54 7 0
92 11 63
2 27 9
81 3 63
57 80 45
32 96 11
80 95 75
85 97 47
89 17 51
20 68 59
62 81 35
83 1 88
24 14 2
4 63 94
58 43 63
23 42 59
52 46 30
91 84 28
99 53 97
37 27 87
36 1 12
58 99 18
91 7 66
98 83 48
63 60 17
83 19 47
7 56 22
45 92 13
63 15 86
48 47 53
90 63 56
15 62 48
85 98 38
9 7 19
83 1 54
40 43 62
56 58 48
23 9 74
61 63 66
5 82 29
56 79 43
79 3 27
6 8 53
75 41 62
97 98 45
3 60 62
71 35 30
41 77 63
59 64 75
7 66 6
14 92 45
24 87 21
82 89 45
69 71 16
7 89 58
5 46 34
97 4 33
34 5 88
62 21 4
60 80 42
17 52 15
50 41 64
76 90 88
82 94 33
32 59 52
75 77 16
42 21 26
94 22 91
23 26 59
70 28 91
82 43 33
42 19 82
11 36 71
77 79 82
94 50 71
54 28 45
31 7 10
91 85 6
68 76 44
22 78 21
9 82 17
11 58 67
67 50 58
68 23 80
72 54 87
1 65 11
82 43 73
58 38 17
6 22 86
94 72 89
58 84 48
62 51 10
70 60 47
79 62 47
62 27 14
11 66 62
83 9 77
64 52 90
33 52 23
68 13 56
57 91 89
34 62 20
38 12 86
35 73 23
56 36 59
68 13 96
43 96 36
29 13 90
13 83 45
40 33 25
91 81 62
97 75 69
51 90 29
4 79 83
41 28 91
20 96 98
67 72 77
24 33 46
88 64 19
93 11 26
61 95 65
31 43 73
18 47 36
28 27 73
12 25 50
75 39 41
91 98 60
98 73 93
59 49 45
90 67 84
38 60 32
74 92 12
86 65 63
87 86 72
82 64 72
41 86 76
57 26 17
52 65 76
87 36 32
53 10 44
96 93 10
41 99 8
80 78 65
48 59 34
48 55 0
20 65 97
30 64 3
27 1 3
50 52 78
49 29 92
78 86 27
45 91 25
17 87 57
74 95 10
53 82 2
31 23 66
65 8 43
72 87 60
76 71 28
61 75 65
28 49 26
24 47 78
84 78 23
9 82 78
68 76 31
57 55 41
41 86 83
36 21 66
1 40 78
60 13 56
47 75 5
55 6 64
10 41 7
9 16 98
4 83 72
35 83 66
97 60 99
0 94 5
62 6 83
21 36 89
42 24 6
90 69 89
35 61 12
99 79 27
45 64 95
87 21 25
94 29 34
69 62 27
87 10 81
9 5 49
70 41 74
28 75 11
95 87 90
57 66 94
57 28 9
83 43 43
87 5 56
35 23 70
33 59 24
87 82 21
75 7 86
83 15 84
80 95 89
31 93 10
67 37 85
80 43 65
51 3 10
60 13 20
4 10 80
27 33 88
23 55 30
22 59 68
56 79 57
23 91 73
6 93 36
90 28 67
54 92 37
64 36 83
68 44 9
90 97 34
38 41 14
41 36 88
69 5 93
49 69 52
74 32 99
78 0 62
37 79 21
79 53 67
86 50 54
29 26 78
43 92 53
48 19 54
36 32 44
56 29 34
23 15 86
27 58 35
91 74 52
89 40 94
9 79 85
37 15 89
93 46 93
81 84 66
92 87 92
66 22 62
11 12 27
26 43 75
92 42 43
46 27 62
88 85 41
13 22 73
48 20 94
20 94 12
12 40 59
71 41 96
93 66 57
47 82 2
16 13 21
75 97 57
34 86 92
93 75 32
46 2 10
91 0 51
92 11 69
27 45 85
23 67 40
15 60 1
62 46 44
52 55 6
45 44 22
50 52 2
21 37 35
14 17 9
69 38 74
44 82 79
47 36 10
84 76 7
16 51 80
51 36 85
7 60 57
71 29 18
48 43 61
83 13 36
87 11 26
1 85 80
71 64 67
57 99 90
20 94 44
44 1 48
12 41 40
59 16 52
81 78 90
94 44 95
15 58 54
29 65 59
56 80 86
49 34 1
1 27 78
82 47 11
26 8 12
16 78 95
67 99 16
0 56 80
91 16 33
54 91 65
96 41 11
46 41 31
99 4 94
27 28 53
1 77 72
31 83 46
34 24 69
89 55 50
68 7 22
18 45 25
71 53 39
30 53 73
36 60 91
37 17 77
47 68 36
52 41 25
98 99 73
34 61 83
50 11 50
3 60 94
93 75 29
82 52 10
86 90 14
83 16 82
82 72 18
13 17 41
31 99 92
95 23 33
57 94 48
53 63 5
9 86 54
41 68 90
98 75 81
69 93 77
62 11 26
66 32 93
42 6 75
98 89 13
7 3 49
21 68 29
91 86 40
89 2 12
17 71 24
35 44 29
30 39 13
17 62 2
70 43 54
68 59 29
85 20 73
77 49 73
25 89 67
24 34 41
56 52 36
24 15 34
7 67 19
98 0 99
9 73 66
9 75 52
27 74 25
46 35 29
70 46 33
56 58 77
79 73 92
35 53 94
77 34 53
74 14 37
46 37 93
90 21 55
47 54 8
36 85 65
23 65 70
23 94 23
53 16 77
98 94 34
81 92 40
10 40 54
1 28 90
39 84 99
96 18 0
79 39 30
18 85 44
0 16 50
4 86 12
90 6 51
55 70 76
30 13 95
81 56 55
89 72 54
96 66 94
12 35 48
2 83 53
13 30 60
53 47 29
76 58 97
66 12 33
76 29 41
31 28 62
33 77 25
50 14 50
78 52 40
65 81 84
82 14 48
30 12 36
28 86 17
74 65 66
52 55 14
99 19 20
56 92 68
17 35 6
84 20 11
31 83 96
34 5 30
15 51 55
96 98 20
59 16 53
26 12 73
88 35 65
57 76 41
76 33 73
50 23 23
66 26 0
61 93 89
57 33 23
80 5 0
19 83 5
47 36 12
20 40 0
15 37 93
13 39 32
55 94 55
84 33 52
41 89 62
42 67 65
40 26 60
86 37 86
95 9 37
55 41 44
40 72 69
99 63 62
41 43 43
63 92 49
78 43 61
28 4 89
56 47 38
65 14 13
86 18 51
48 1 31
1 72 5
15 48 52
0 75 16
68 56 82
55 76 38
42 22 59
16 59 43
97 19 84
19 66 41
95 59 12
22 94 47
59 69 2
37 8 34
47 54 80
62 77 60
29 46 87
14 64 65
63 24 73
99 87 34
62 4 72
79 58 37
12 44 58
92 38 44
73 88 94
37 93 61
93 30 47
37 99 41
24 63 44
31 3 96
63 22 86
65 51 63
39 67 30
40 85 65
17 90 16
96 25 90
24 16 93
86 53 58
39 34 69
83 65 79